% Configuration file for ablation analysis
inputFolderList = {  
                        'P:\SV2\YW_18-02-03\fish1_before_20180203_191939.corrected/', 1225, 'P:\SV2\YW_18-02-03\fish1_after2_20180203_200124.corrected/', 3339, 240, [5, 6];
                        'P:\SV2\YW_18-02-03\fish2_before_20180203_203907.corrected/', 1225, 'P:\SV2\YW_18-02-03\fish2_after_20180203_205131.corrected/', 3567, 240, [7, 8]; 
                        'P:\SV2\YW_18-02-03\fish3_before_20180203_213738.corrected/', 1225, 'P:\SV2\YW_18-02-03\fish3_after_20180203_215441.corrected/', 7162, 240, [6, 7]; 
                        'P:\SV2\YW_18-02-03\fish4_before_20180203_224436.corrected/', 1225, 'P:\SV2\YW_18-02-03\fish4_after_20180203_225915.corrected/', 7162, 240, [7, 8];
                        'P:\SV2\YW_18-02-03\fish5_before_20180203_234605.corrected/', 1225, 'P:\SV2\YW_18-02-03\fish5_after_20180203_235929.corrected/', 2838, 240, [8, 9];
                        'P:\SV2\YW_18-02-03\fish6_before_20180204_003041.corrected/', 1225, 'P:\SV2\YW_18-02-03\fish6_after_20180204_004222.corrected/', 3339, 240, [5, 6];
                     };% data dir before, reference/total tiempoint before, data dir after, total number of timepoint after, reference timepoint after, targeted segment
                 
chn01_interval = 200; %interval of the mnx channel